[8]
java.lang.Integer:0,1,2,3,4,5,6,7
0;0.254135217278609
1;0.00167097921024867
2;0.000263815246249349
3;4.99360779460746e-06
4;9.58613331460357e-05
5;0.0024652440601733
6;3.63076058216764e-06
7;0.744433620160848
