[7]
java.lang.Integer:0,1,2,3,4,5,6
0;0.000560820563704486
1;0.00692794336393569
2;0.000624949512386107
3;0.000482631019544278
4;4.64915385155239e-05
5;3.588997637741e-05
6;2.18967991175029e-05
